30.40618
30.37566
30.10373
29.40769
28.82706
28.30338
27.86181
27.49426
27.17959
26.90948
26.58641
26.25958
25.96346
25.60126
25.31613
25.03733
24.78247
24.55047
24.34579
24.21335
24.10452
23.98405
23.85424
23.8108
23.80258
23.6756
23.61373
23.56923
23.46984
23.33079
23.21381
23.11714
22.98047
22.83335
22.71813
22.64242
22.60605
22.58452
22.62643
22.66797
22.63286
22.62811
22.62994
22.59291
22.46831
22.39807
22.19752
21.85641
21.38449
20.89374
20.29792
19.78086
19.335
18.84492
18.37081
17.90864
17.47304
17.10476
16.77405
16.39943
16.00459
15.75031
15.55394
15.31124
15.06374
14.8432
14.63016
14.47091
14.39789
14.33214
14.31307
14.31812
14.3568
14.48105
14.50352
14.49367
14.51647
14.52427
14.57168
14.708
14.85436
14.95088
15.08133
15.23312
15.39393
15.50686
15.58817
15.68069
15.69215
15.65352
15.6056
15.53775
15.46803
15.46023
15.44864
15.40887
15.34729
15.27165
15.18599
15.15857
15.20416
15.28382
15.32728
15.39151
15.49502
15.60069
15.74091
15.99007
16.26931
16.56936
16.86471
17.13969
17.45572
17.80487
18.15285
18.50025
18.88855
19.28449
19.66665
20.08969
20.54283
21.06091
21.58279
22.07647
22.62247
23.15841
23.58644
23.99406
24.338
24.67167
24.99737
25.31278
25.55822
25.83811
26.14357
26.40376
26.74051
30.6329
30.5835
30.39629
30.72932
30.7732
30.93907
31.09701
