-1.695855
7.866173
0.3423576
-1.681967
7.866249
0.3409097
-1.306469
7.933231
0.5172285
-0.9343374
8.0267
0.6964232
-0.531709
8.148938
0.9086108
-0.0589657
8.25703
1.140917
0.3377825
8.359029
1.292814
0.7418976
8.501014
1.404909
1.062823
8.65369
1.46429
1.434718
8.849362
1.502491
1.841873
9.07355
1.567154
2.221118
9.274282
1.614754
2.740641
9.535499
1.613312
3.188587
9.768516
1.597988
3.625501
9.999558
1.556985
4.059016
10.2393
1.504705
4.507111
10.49589
1.433549
4.959896
10.75955
1.328969
5.380889
10.99131
1.207645
5.83502
11.22626
1.065697
6.299385
11.50668
0.9012412
6.757749
11.80882
0.7138872
7.144742
12.06661
0.5323123
7.512166
12.30298
0.3200825
7.888312
12.5676
0.08267028
8.159281
12.80169
-0.09034726
8.411779
13.02983
-0.2827315
8.637751
13.30552
-0.4820052
8.844201
13.62067
-0.658365
9.026119
13.90971
-0.8009179
9.199271
14.16509
-0.9546372
9.353495
14.42553
-1.114915
9.478587
14.69381
-1.263636
9.600819
14.96117
-1.413241
9.703008
15.20253
-1.593635
9.771063
15.43774
-1.813562
9.811977
15.67843
-2.096152
9.831751
15.88319
-2.420232
9.780704
16.05358
-2.816404
9.655382
16.18906
-3.239679
9.527521
16.28746
-3.622472
9.369837
16.38274
-4.002554
9.150091
16.47279
-4.41063
8.80267
16.54933
-4.817739
8.391138
16.59311
-5.181372
7.871057
16.67038
-5.61603
7.252579
16.80554
-6.003405
6.509118
16.95848
-6.293897
5.869578
17.07818
-6.406246
5.070747
17.21706
-6.466239
4.315854
17.35254
-6.447957
3.734449
17.4578
-6.441072
3.11448
17.55343
-6.420247
2.557519
17.62262
-6.357521
2.033798
17.66934
-6.259743
1.598874
17.70265
-6.181258
1.161463
17.73728
-6.117541
0.7955312
17.71788
-6.131122
0.4691082
17.67715
-6.165777
0.1423396
17.63623
-6.159754
-0.1610098
17.57564
-6.152375
-0.4529967
17.45137
-6.239967
-0.7809769
17.30024
-6.391106
-1.121675
17.15753
-6.514989
-1.439292
17.02823
-6.599199
-1.819883
16.81872
-6.650779
-2.173457
16.53191
-6.711318
-2.501909
16.22644
-6.791502
-2.819239
15.90064
-6.919138
-3.144593
15.56179
-7.033139
-3.464582
15.19902
-7.16895
-3.767462
14.83047
-7.313076
-4.056636
14.45983
-7.453128
-4.407597
14.04274
-7.631185
-4.7551
13.68614
-7.755668
-5.115351
13.37381
-7.804248
-5.535791
13.02249
-7.830543
-5.966505
12.66484
-7.823273
-6.393938
12.30754
-7.809067
-6.869098
11.91507
-7.811974
-7.355904
11.50435
-7.778008
-7.775488
11.12227
-7.679306
-8.156306
10.71532
-7.545239
-8.516916
10.33864
-7.439882
-8.896822
9.984865
-7.294764
-9.284168
9.7149
-7.155502
-9.641172
9.510625
-7.006216
-9.979891
9.307055
-6.805071
-10.26628
9.17945
-6.586644
-10.46723
9.097836
-6.357358
-10.61867
9.064913
-6.191565
-10.80712
9.096871
-6.045247
-10.96646
9.140882
-5.885425
-11.10435
9.138528
-5.793087
-11.21506
9.150817
-5.709523
-11.32334
9.213423
-5.700421
-11.43555
9.310938
-5.590283
-11.53853
9.447244
-5.450011
-11.59283
9.592397
-5.257418
-11.68504
9.723796
-5.185971
-11.75556
9.783753
-5.121218
-11.76372
9.813519
-5.007792
-11.73138
9.908951
-4.838252
-11.73564
10.02935
-4.656825
-11.7632
10.13673
-4.500579
-11.79691
10.26146
-4.374134
-11.79584
10.3603
-4.251342
-11.79911
10.37932
-4.119204
-11.76582
10.37723
-4.008347
-11.77599
10.38622
-3.903094
-11.79445
10.42924
-3.820858
-11.80099
10.48033
-3.822526
-11.78669
10.50648
-3.795743
-11.76875
10.50681
-3.764691
-11.72451
10.51413
-3.731354
-11.69355
10.50525
-3.744845
-11.66455
10.45623
-3.722012
-11.61101
10.40975
-3.710838
-11.50891
10.37278
-3.691416
-11.45705
10.33176
-3.635071
-11.43004
10.28232
-3.523592
-11.46993
10.24959
-3.355263
-11.5284
10.23372
-3.169552
-11.52137
10.224
-2.999793
-11.4513
10.20536
-2.804025
-11.37319
10.18664
-2.650481
-11.27645
10.19031
-2.564394
-11.15813
10.22235
-2.4724
-11.06178
10.26694
-2.434696
-10.96426
10.31572
-2.417155
-10.86424
10.38076
-2.41839
-10.78779
10.46708
-2.430394
-10.72362
10.64445
-2.407158
-10.6557
10.84241
-2.339547
-10.60657
11.04629
-2.263645
-10.54316
11.29049
-2.174889
-10.47465
11.49479
-2.091671
3.130488
8.016034
-0.379754
3.011069
8.016049
-0.5482324
2.993678
8.016073
-0.5713865
2.659847
8.051777
-0.9251232
2.301937
8.065334
-1.269046
1.912834
8.038741
-1.620496
1.482855
8.00738
-1.924624
