0.6921663
0.0009669574
-0.07751194
0.6943896
0.0036497
-0.07239544
1.126492
0.2009492
0.5289565
1.369013
0.3438592
0.6592281
1.47242
0.4470217
0.7759739
1.418229
0.3242761
0.6969178
1.492123
0.38361
0.571266
1.519943
0.5340232
0.4216116
1.472535
0.7005503
0.2724618
1.571432
0.8268045
0.1614154
1.568407
0.8635954
0.2490898
1.479064
0.7828518
0.1856416
1.558566
0.7836548
-0.004326046
1.650591
0.8586202
-0.05646582
1.631308
0.8626419
-0.1530942
1.652911
0.9140813
-0.1993338
1.620281
0.9278374
-0.2572969
1.610751
0.9379295
-0.3720346
1.671766
0.9203469
-0.4817762
1.757758
0.9093665
-0.5494242
1.559621
0.9418201
-0.5523446
1.499792
0.9886242
-0.6130328
1.478984
0.9852028
-0.693929
1.410853
0.9076493
-0.8149318
1.235457
0.8691342
-0.7797878
1.011772
0.874056
-0.6460247
0.9836991
0.888821
-0.7495
0.7947009
0.9695531
-0.7008178
0.7182248
1.096373
-0.613535
0.656655
1.043344
-0.5145643
0.6869162
1.013094
-0.6098214
0.5859773
0.9895806
-0.6089832
0.4537924
0.9732262
-0.5395077
0.4458332
0.975175
-0.5456812
0.3845385
0.9082264
-0.6788175
0.2473532
0.8549184
-0.7993494
0.1426934
0.8394384
-0.985585
0.07476611
0.7742003
-1.22535
-0.196012
0.6542703
-1.521277
-0.4313501
0.4663318
-1.456866
-0.5036922
0.3876339
-1.507982
-0.624182
0.3771564
-1.504519
-0.8786573
0.3600589
-1.631713
-1.245122
0.2743144
-1.459034
-1.589249
0.1690662
-1.404277
-1.691875
0.2513758
-1.413985
-1.883454
0.4116002
-1.179674
-2.230388
0.4588224
-0.8714765
-2.252693
0.4216356
-0.3957359
-2.396496
0.416635
-0.1799801
-2.360749
0.4236751
0.05717701
-2.331046
0.4220245
0.02760022
-2.308032
0.3560278
0.07753135
-2.300742
0.2857893
0.2591114
-1.95999
0.1748395
0.3659235
-1.667425
0.1277101
0.3008979
-1.554052
0.1230368
0.2263786
-1.327429
-0.07038374
-0.04926558
-1.179093
-0.147094
-0.1251837
-1.137904
-0.1425211
0.02097197
-1.171244
-0.233928
0.02850317
-1.073408
-0.4568568
-0.3220066
-1.107428
-0.5102921
-0.5103295
-1.228726
-0.5146863
-0.4467818
-1.250172
-0.5089087
-0.3314579
-1.322758
-0.7281771
-0.1792688
-1.272585
-1.032269
-0.2178962
-1.266835
-1.178196
-0.3092645
-1.216007
-1.248464
-0.4890986
-1.22686
-1.27777
-0.429885
-1.173892
-1.330814
-0.4982212
-1.170362
-1.424154
-0.5569258
-1.12449
-1.441262
-0.5446078
-1.183363
-1.40633
-0.6003712
-1.334836
-1.369798
-0.4781645
-1.364473
-1.182959
-0.1839978
-1.445107
-1.207545
-0.09038431
-1.550286
-1.287269
0.0261647
-1.617079
-1.351784
0.05374599
-1.706241
-1.409294
-0.01043941
-1.714809
-1.446799
0.1196458
-1.572152
-1.431615
0.3698334
-1.396044
-1.491861
0.4914766
-1.351308
-1.411494
0.3948027
-1.280594
-1.192529
0.4891605
-1.380316
-0.9620182
0.4962724
-1.412858
-0.8084303
0.5908009
-1.174205
-0.7057057
0.697298
-0.9989917
-0.4451151
0.7619225
-0.7710692
-0.313161
0.8797942
-0.5808024
-0.1262691
0.63586
-0.7209759
0.1222637
0.5597838
-0.4911013
0.1356473
0.4925921
-0.472485
-0.008062673
0.3163942
-0.3504438
0.03889616
0.2645123
-0.3248266
0.18782
0.02730084
-0.3392515
0.2948294
0.3329949
-0.365339
0.4835521
0.4976285
-0.1629049
0.4354657
0.5777815
-0.2808498
0.4002094
0.2176064
-0.2115593
0.1798711
0.1942613
-0.02447855
0.08929266
0.3402801
0.09702241
0.2863005
0.5086151
-0.01280127
0.3612032
0.5442812
-0.08267381
0.3221446
0.468742
-0.1011228
0.3741822
0.3793341
0.00321118
0.2965231
0.3683712
-0.00982041
0.05704342
0.396416
0.09989469
-0.006269937
0.3325706
-0.03053174
0.02698273
0.3157607
-0.05537505
0.1290633
0.2467085
-0.01962962
0.1532722
-0.005003929
0.04291414
0.07844968
0.08034734
0.0538216
0.0009959002
0.09315677
0.1344346
0.02222029
0.101316
0.09960214
-0.02856758
-0.04339944
0.08803507
-0.1487936
0.06931954
0.1606167
-0.13944
0.03352071
0.3062817
-0.1109318
0.05826812
0.1661559
-0.1314083
0.1805029
0.08102218
-0.1483219
0.3344387
-0.1226108
-0.1005955
0.5174294
-0.1872466
-0.05083434
0.5947409
0.02109431
-0.02915391
0.5092745
0.2102007
-0.05590538
0.5873051
0.2697419
-0.06467853
0.5302619
0.3408031
0.01295945
0.3032571
0.4474841
0.1211618
0.347929
0.3607904
0.1669864
0.1411835
0.3497287
0.1749082
0.06291167
0.3497381
0.2274314
-0.004321673
0.291793
0.3294565
-0.04581838
0.2361957
0.65285
0.08552457
0.2405223
0.7010531
0.2394463
0.1868832
0.7755699
0.2887304
0.2100888
0.8090122
0.2940377
0.2727941
0.8135298
0.331371
-0.3982101
-0.0116326
-0.7582218
-0.8043105
0.000104027
-1.134739
-0.8695596
0.001210601
-1.15771
-1.221943
0.1306846
-1.294807
-1.460824
0.05533662
-1.403738
-1.557313
-0.1064377
-1.40661
-1.656887
-0.1208479
-1.171933
