0.2872528
2.689359
-2.965726
0.2813914
2.688019
-2.972977
0.3308796
2.597148
-2.955211
0.4519255
3.42797
-1.832817
0.4010781
3.869771
-1.612847
-0.3948531
3.67183
-2.94213
-0.03715266
3.455134
-2.739139
0.1731784
3.198709
-2.690389
0.0002552718
3.248212
-2.879272
-0.2140165
3.296754
-3.210993
-0.4986754
3.243393
-3.233088
-0.5284973
2.746952
-3.320513
-0.7747878
2.736666
-3.632674
-1.062068
2.238406
-4.058008
-1.216016
2.08616
-4.039528
-1.112588
1.858548
-3.865334
-0.9062579
2.084172
-3.910774
-1.052015
2.309304
-3.915371
-1.222236
2.069811
-3.840769
-1.553556
1.662743
-3.912473
-1.672428
1.772117
-4.15153
-1.468084
1.941314
-4.42579
-1.514857
1.803547
-4.434136
-1.319978
2.143965
-4.23079
-1.365226
2.295749
-4.35869
-1.754887
2.174082
-4.693127
-1.761105
2.219168
-4.439577
-1.510196
1.996151
-4.604155
-1.665008
1.751832
-4.569883
-1.734641
1.589364
-4.863464
-0.9670586
1.135158
-4.450972
-0.7708043
1.583175
-3.91345
-1.032376
1.690928
-3.893563
-0.897894
1.541404
-3.688533
-0.7620139
1.674422
-3.362966
-0.859229
1.551217
-3.777135
-0.8562315
1.300352
-3.926172
-1.104384
1.000342
-3.631052
-0.9631528
0.9191026
-4.047466
-0.8993219
1.152663
-4.203398
-1.336941
1.699602
-4.907259
-0.5684536
1.512321
-3.547371
-0.5469229
1.613305
-2.71556
-1.349672
1.255617
-4.619115
-1.219195
1.431436
-4.804862
-1.345691
1.548297
-5.240508
-0.9562082
1.761463
-3.80154
-1.159931
1.473503
-4.45935
-1.44123
1.687921
-4.277333
-1.518446
1.721804
-4.886094
-1.634104
1.656521
-4.667389
-1.208539
1.380494
-4.048207
-1.412804
1.433375
-4.295563
-0.9788743
1.477789
-2.757726
-1.157114
1.496646
-3.800452
-1.418497
1.03775
-3.419712
-1.52457
0.8751808
-3.565926
-1.263529
1.618519
-3.945151
-0.7032137
0.8832421
-3.296259
-0.7055418
0.6658038
-3.68811
-1.299115
0.9818823
-3.989314
-1.134239
1.305053
-4.132729
-0.8888817
1.138897
-3.463624
-1.036433
1.041915
-3.50841
-0.8349978
1.009016
-3.109613
-1.09363
1.064645
-3.079401
-0.8830935
0.796757
-3.257626
-0.9567062
0.8323171
-3.560398
-0.9413911
0.9575011
-3.2864
-0.9343646
0.9647014
-3.278914
-0.9260561
0.9373196
-3.260639
-0.9174652
0.9087796
-3.241585
-0.9095212
0.8913351
-3.226206
-0.9604567
0.607414
-3.416267
-1.028922
0.6748489
-3.418541
-1.130981
0.9029482
-3.738045
-1.133626
0.9028969
-3.742596
-1.259395
0.8715146
-3.81238
-1.26456
0.8487844
-3.813603
-1.271473
0.8435792
-3.821563
-1.278988
0.8420188
-3.833665
-1.28586
0.8379807
-3.844664
-1.073224
0.958063
-3.644137
-1.017282
0.9649323
-3.622918
-1.216643
0.7593762
-3.812458
-1.007332
0.9097466
-3.605504
-0.9745764
0.7316784
-3.699849
-0.9704357
0.6925485
-3.75049
-0.9819168
0.6733631
-3.748158
-0.9181679
0.7361249
-3.679872
-1.046476
0.6938248
-3.894207
-1.033432
1.058966
-3.833758
-1.122107
0.8905399
-4.00525
-1.298976
0.8817543
-4.347516
-1.25679
0.8674617
-4.211106
-1.181097
1.021318
-4.036138
-1.014653
0.8433176
-3.761997
-0.8597365
0.7041286
-3.357563
-0.7776428
0.7333606
-3.107832
-1.056278
0.7859055
-3.876518
-1.01561
1.047616
-3.784541
-1.004086
0.9877868
-3.768539
-1.000239
0.8822015
-3.589043
-0.9865386
0.8657265
-3.573248
-1.027543
0.9316654
-3.80585
-0.9391136
0.9105117
-3.584991
-0.9401753
1.192109
-3.376049
-0.934169
1.109295
-3.462749
-0.9236816
1.088191
-3.564786
-0.6814069
1.551386
-3.519013
-0.7776219
1.395008
-3.721058
-0.5610525
1.274827
-3.519374
-0.4279913
1.068022
-3.117722
-0.4134803
1.12723
-3.156838
-0.3947994
1.165399
-3.183955
-0.3856592
1.182118
-3.215335
-0.3750384
0.8148091
-2.954087
-0.4233981
0.8026482
-3.197652
-0.4033094
1.064843
-2.965318
-0.4051249
0.9636887
-3.003446
-0.3518755
0.9338331
-2.954921
-0.1152401
0.9364756
-2.724614
-0.08310272
0.9154275
-2.689836
0.02899368
0.9063897
-2.507838
0.3025833
1.071033
-2.417839
0.4188816
1.024132
-2.328185
0.3991862
0.9452415
-2.212141
0.7485511
0.9851843
-1.986036
0.6506242
0.9573683
-2.074984
0.6961757
0.8861018
-2.022006
0.7884181
0.8440404
-1.864144
0.7872324
0.9482202
-1.785146
0.9311973
1.104925
-1.726549
0.8732575
1.187823
-1.762954
1.090356
0.9220735
-1.801894
0.948949
0.9069529
-1.983135
0.8941016
1.262433
-2.068032
1.146188
1.188466
-1.701303
0.2872528
2.689359
-2.965726
0.4066991
2.855003
-3.206432
0.4629845
3.406129
-1.890381
0.4648746
3.417884
-1.851228
0.3871222
3.915201
-1.565464
-0.3295316
3.696441
-2.955184
-0.03741504
3.526365
-2.839038
0.2872528
2.689359
-2.965726
0.2813914
2.688019
-2.972977
0.3308796
2.597148
-2.955211
0.4519255
3.42797
-1.832817
0.234923
3.777514
-1.64255
0.3271444
3.840231
-1.814874
0.2567877
3.728593
-1.941909
0.1792784
3.69684
-2.132263
-0.2994158
3.757763
-2.708324
-0.1425412
3.671831
-2.714763
0.03957026
3.43823
-2.690025
0.1350688
3.512207
-2.609848
0.2768609
3.319753
-2.353954
0.147962
3.286185
-2.56763
0.1124193
3.320409
-2.661769
0.1995389
3.456584
-2.531757
0.1833539
3.448213
-2.539822
0.1661101
3.439663
-2.550716
-0.02527763
3.497865
-2.776437
-0.2395483
3.639853
-3.074386
-0.4854923
3.484473
-3.205906
-0.4607486
3.221167
-3.370631
-0.4700416
3.158192
-3.382483
-0.4974021
2.94312
-3.507146
-0.4951227
2.74389
-3.291852
-0.5473446
2.653199
-3.239856
-0.7684865
2.692568
-3.517723
-0.7470967
2.611404
-3.821121
-0.8509662
2.49271
-3.889652
