3.750006
9.710061
30.17
3.750032
9.7103
30.14
3.769877
9.870575
29.6668
3.800859
10.11306
29.34047
3.839989
10.43528
29.08971
3.858554
10.85483
28.81836
3.855256
11.18212
28.59043
3.853114
11.50029
28.34999
3.854348
11.75494
28.145
3.852396
12.02345
27.9128
3.837151
12.30883
27.6483
3.807638
12.57857
27.37573
3.746858
12.90335
27.00047
3.679765
13.14164
26.67731
3.59642
13.34953
26.34379
3.504027
13.53371
26.00866
3.407031
13.71976
25.6508
3.311949
13.91372
25.28868
3.223417
14.09044
24.96679
3.11934
14.26268
24.6356
2.980353
14.4435
24.2516
2.834513
14.62018
23.85453
2.713115
14.76764
23.51165
2.597407
14.91848
23.17038
2.469481
15.10853
22.77531
2.354268
15.27808
22.42983
2.236215
15.43919
22.10065
2.103998
15.6131
21.73433
1.970378
15.77752
21.35881
1.839231
15.92069
20.9914
1.728296
16.03627
20.64891
1.630214
16.15554
20.28558
1.536996
16.29377
19.90719
1.445861
16.44176
19.53448
1.359999
16.59525
19.17675
1.273683
16.75823
18.80755
1.185141
16.91727
18.41789
1.096973
17.04751
18.05368
1.004788
17.15746
17.69035
0.9056012
17.26856
17.28078
0.8188924
17.37073
16.92438
0.7370389
17.48626
16.57288
0.6639092
17.62224
16.23099
0.5754223
17.77296
15.85069
0.4851061
17.89637
15.49364
0.3748802
18.02965
15.06621
0.2587976
18.18592
14.61375
0.141648
18.35318
14.15735
0.03365907
18.49577
13.77088
-0.1036602
18.66176
13.31968
-0.2433836
18.8172
12.88795
-0.353483
18.93642
12.55085
-0.4712557
19.06215
12.18662
-0.5782047
19.18298
11.86133
-0.6945289
19.32632
11.50556
-0.8135015
19.46043
11.15779
-0.9561626
19.5861
10.78083
-1.095802
19.70795
10.41118
-1.219794
19.83211
10.03481
-1.326355
19.94477
9.632939
-1.420085
20.03496
9.266867
-1.523439
20.13333
8.884601
-1.635213
20.25229
8.471429
-1.740781
20.36879
8.086371
-1.838408
20.4775
7.734407
-1.95519
20.60461
7.338842
-2.070897
20.72291
6.956341
-2.175898
20.82358
6.595666
-2.279465
20.92124
6.231027
-2.3842
21.0229
5.860984
-2.491772
21.13002
5.481327
-2.593884
21.23238
5.121073
-2.695276
21.33352
4.7629
-2.812703
21.43892
4.346958
-2.917737
21.52071
3.979847
-3.026795
21.6014
3.607776
-3.148868
21.69383
3.199108
-3.268818
21.78369
2.810249
-3.386721
21.86839
2.441297
-3.513704
21.95607
2.053118
-3.644686
22.04414
1.657626
-3.768535
22.12609
1.285861
-3.891945
22.2134
0.9056369
-4.006561
22.30485
0.5331677
-4.132405
22.40416
0.1180512
-4.250248
22.49622
-0.2754248
-4.352538
22.57735
-0.6312507
-4.464425
22.6635
-1.040257
-4.572852
22.74313
-1.448692
-4.669515
22.81404
-1.820773
-4.766026
22.88414
-2.193249
-4.863807
22.9609
-2.565096
-4.987803
23.06473
-3.024112
-5.103796
23.15601
-3.436255
-5.233847
23.25069
-3.881986
-5.372148
23.3551
-4.350997
-5.505863
23.46256
-4.816527
-5.6155
23.55248
-5.214861
-5.739638
23.65876
-5.687402
-5.861712
23.761
-6.153439
-5.987079
23.87093
-6.624818
-6.112443
23.98959
-7.094077
-6.239281
24.10929
-7.562676
-6.367908
24.22643
-8.031432
-6.4964
24.34187
-8.500648
-6.622891
24.45815
-8.970201
-6.748675
24.58865
-9.436191
-6.874187
24.73237
-9.89835
-6.997821
24.87816
-10.36037
-7.109398
25.0402
-10.82003
-7.209612
25.21496
-11.27765
-7.29952
25.38916
-11.73762
-7.377621
25.5584
-12.20158
-7.446476
25.72462
-12.66809
-7.50848
25.88965
-13.12912
-7.563573
26.0474
-13.56451
-7.621196
26.20557
-14.02904
-7.681416
26.34786
-14.50457
-7.743538
26.49046
-14.97976
-7.802628
26.63048
-15.42264
-7.864136
26.78164
-15.89526
-7.91258
26.93211
-16.35692
-7.944338
27.07997
-16.80022
-7.961908
27.24221
-17.27284
-7.953338
27.41705
-17.74119
-7.921476
27.57929
-18.14283
-7.871718
27.74329
-18.53263
-7.804544
27.90015
-18.89066
-7.716048
28.0616
-19.24642
-7.608851
28.22937
-19.61427
-7.484187
28.39895
-19.98804
-7.358516
28.55607
-20.32566
-7.215708
28.72826
-20.66632
-7.057988
28.92127
-21.00875
-6.901527
29.10363
-21.32141
-6.714091
29.30261
-21.68236
-6.562009
29.46683
-21.98535
-6.394678
29.65289
-22.30923
3.752144
9.730071
29.97821
3.759096
9.788864
29.76351
3.760142
9.797587
29.73483
3.791476
10.03834
29.40469
3.8266
10.32285
29.17474
3.848397
10.63642
28.97062
3.853305
10.95837
28.75187
3.750006
9.710061
30.17
3.750032
9.7103
30.14
3.769877
9.870575
29.6668
3.777914
9.934612
29.53476
3.786828
10.0081
29.42173
3.79679
10.096
29.31736
3.808027
10.20286
29.21633
3.819232
10.31964
29.12376
3.829539
10.45479
29.02897
3.835824
10.57274
28.95031
3.839993
10.69196
28.87183
3.842682
10.79881
28.80099
3.845721
10.93168
28.71169
3.848889
11.05367
28.62825
3.852374
11.17432
28.54369
3.856004
11.28767
28.46258
3.86039
11.40883
28.37464
3.8643
11.50815
28.30197
3.869194
11.63361
28.20915
3.872824
11.75447
28.11815
3.874196
11.86099
28.03594
3.872969
11.97094
27.94773
3.869197
12.07582
27.85947
3.863057
12.17781
27.76892
3.855106
12.27408
27.67862
3.84532
12.36817
27.5857
3.829559
12.48565
27.46223
3.813504
12.58387
27.35282
3.794889
12.67972
27.23903
